,City,Cloudiness,Country,Date,Humidity,Lat,Lng,Max Temp,Wind Speed
0,port hedland,4,AU,1595203167,63,-20.32,118.57,60.8,12.75
1,cape town,75,ZA,1595202973,93,-33.93,18.42,59.0,9.17
2,mataura,92,NZ,1595203167,83,-46.19,168.86,39.0,3.0
3,castro,18,BR,1595203068,91,-24.79,-50.01,57.25,3.8
4,rikitea,45,PF,1595203167,62,-23.12,-134.97,68.68,11.03
5,airai,17,TL,1595203113,52,-8.93,125.41,63.59,3.02
6,qaanaaq,98,GL,1595203167,69,77.48,-69.36,47.7,2.28
7,punta arenas,63,CL,1595203167,69,-53.15,-70.92,35.01,5.99
8,atuona,24,PF,1595203106,74,-9.8,-139.03,79.54,14.52
9,jamestown,90,US,1595202943,100,42.1,-79.24,73.0,13.87
10,hermanus,3,ZA,1595203167,95,-34.42,19.23,53.01,1.99
11,nsanje,1,MW,1595203167,93,-16.92,35.26,59.59,2.75
12,hilo,75,US,1595203168,69,19.73,-155.09,82.4,14.99
13,nurota,0,UZ,1595203168,23,40.56,65.69,77.0,4.7
14,banska bystrica,75,SK,1595203168,93,48.5,19.5,59.0,1.12
15,cidreira,56,BR,1595203168,80,-30.18,-50.21,66.18,8.77
16,hobart,40,AU,1595203109,70,-42.88,147.33,46.4,13.87
17,new norfolk,69,AU,1595202910,82,-42.78,147.06,46.0,7.0
18,yabassi,75,CM,1595203168,100,4.46,9.97,75.2,2.24
19,gari,68,RU,1595203168,75,59.43,62.35,62.83,11.97
20,datong,0,CN,1595203168,40,40.09,113.29,72.32,5.79
21,sitka,90,US,1595203168,93,57.05,-135.33,57.2,5.82
22,barranca,24,PE,1595203133,89,-10.75,-77.77,58.98,7.29
23,rabo de peixe,75,PT,1595203168,68,37.8,-25.58,69.8,5.82
24,busselton,36,AU,1595203073,79,-33.65,115.33,48.0,7.72
25,yellowknife,40,CA,1595202918,49,62.46,-114.35,75.99,8.05
26,camrose,100,CA,1595203168,55,53.02,-112.84,70.0,10.0
27,provideniya,75,RU,1595203168,71,64.38,-173.3,53.6,13.42
28,norman wells,75,CA,1595203169,68,65.28,-126.83,64.4,8.05
29,skovorodino,99,RU,1595203169,93,53.98,123.92,64.02,12.57
30,morondava,0,MG,1595203169,58,-20.28,44.28,67.6,13.0
31,port-cartier,75,CA,1595203169,64,50.03,-66.87,71.6,5.82
32,ushuaia,0,AR,1595203169,92,-54.8,-68.3,28.4,6.93
33,deputatskiy,100,RU,1595203142,62,69.3,139.9,61.48,2.93
34,albany,59,US,1595203041,55,42.6,-73.97,88.0,4.63
35,bredasdorp,6,ZA,1595203169,93,-34.53,20.04,57.2,1.12
36,ferrol,2,ES,1595203169,88,43.48,-8.24,63.0,5.82
37,bhimunipatnam,20,IN,1595203169,88,17.88,83.43,82.4,5.82
38,spencer,1,US,1595203169,51,43.14,-95.14,80.6,5.82
39,port alfred,0,ZA,1595203116,62,-33.59,26.89,60.26,6.55
40,luang prabang,100,LA,1595203169,88,19.89,102.13,74.97,0.4
41,shelburne,90,CA,1595203169,78,44.08,-80.2,77.0,5.82
42,leningradskiy,49,RU,1595203169,69,69.38,178.42,42.08,8.05
43,tuatapere,96,NZ,1595203170,83,-46.13,167.68,39.0,3.0
44,nanortalik,2,GL,1595203170,74,60.14,-45.24,48.34,6.44
45,avarua,81,CK,1595203053,88,-21.21,-159.78,73.4,13.87
46,berlevag,100,NO,1595203170,87,70.86,29.09,52.23,7.54
47,nalut,0,LY,1595203170,53,30.33,10.85,75.96,20.87
48,saint george,1,US,1595203121,7,37.1,-113.58,106.0,16.11
49,bandarbeyla,76,SO,1595203170,63,9.49,50.81,79.54,23.0
50,groningen,90,NL,1595203054,87,53.25,6.75,59.0,4.7
51,moose factory,90,CA,1595203170,88,51.26,-80.61,64.4,9.17
52,eugene,20,US,1595203170,29,44.05,-123.09,91.4,16.11
53,touros,20,BR,1595203170,94,-5.2,-35.46,75.2,3.36
54,hovd,16,MN,1595203124,55,48.01,91.64,66.87,0.96
55,ixtapa,40,MX,1595203170,79,20.7,-105.2,87.01,9.17
56,marawi,89,PH,1595203170,84,8.0,124.29,78.01,3.0
57,barrow,75,US,1595202964,78,71.29,-156.79,39.2,12.75
58,flinders,0,AU,1595203087,51,-34.58,150.86,57.0,8.01
59,atbasar,57,KZ,1595203171,46,51.8,68.33,65.79,6.42
60,kapaa,75,US,1595203171,74,22.08,-159.32,84.99,16.11
61,butaritari,63,KI,1595203171,76,3.07,172.79,83.73,15.68
62,vardo,100,NO,1595203171,94,70.37,31.11,53.38,11.45
63,georgetown,20,MY,1595202928,94,5.41,100.34,78.8,2.24
64,narsaq,33,GL,1595203171,44,60.92,-46.05,57.2,8.05
65,grand gaube,47,MU,1595203171,73,-20.01,57.66,66.99,8.01
66,magistralnyy,94,RU,1595203171,59,56.17,107.45,56.43,4.59
67,mwinilunga,13,ZM,1595203171,67,-11.74,24.43,51.33,6.02
68,el doncello,44,CO,1595203171,89,1.68,-75.28,72.12,3.06
69,bluff,75,NZ,1595203074,83,-46.6,168.33,39.0,3.0
70,villa de cura,62,VE,1595203171,86,10.04,-67.49,72.37,2.59
71,farakka,100,IN,1595203171,89,24.82,87.9,80.76,6.35
72,hithadhoo,100,MV,1595203172,78,-0.6,73.08,83.5,16.17
73,zhangye,95,CN,1595203172,23,38.93,100.45,76.87,3.71
74,ponta do sol,20,PT,1595203172,60,32.67,-17.1,73.4,13.87
75,kuusamo,82,FI,1595203172,93,65.97,29.18,57.2,1.12
76,pangnirtung,100,CA,1595203172,57,66.15,-65.71,56.98,2.13
77,lorengau,80,PG,1595203172,68,-2.02,147.27,84.61,10.33
78,dikson,100,RU,1595203172,95,73.51,80.55,41.09,10.96
79,axim,42,GH,1595203172,92,4.87,-2.24,74.91,6.58
80,port elizabeth,0,ZA,1595203172,93,-33.92,25.57,53.6,3.36
81,lasa,20,IT,1595203112,82,46.62,10.7,59.0,3.36
82,rantepao,54,ID,1595203172,80,-2.97,119.9,71.71,1.52
83,upernavik,59,GL,1595203172,54,72.79,-56.15,49.03,7.65
84,zeya,100,RU,1595203172,90,53.75,127.27,69.06,6.78
85,grajau,70,BR,1595203172,47,-5.82,-46.14,78.94,4.03
86,bograd,3,RU,1595203172,82,54.23,90.83,55.4,4.47
87,krasnoselkup,99,RU,1595203172,70,65.7,82.47,56.07,14.03
88,puerto ayacucho,40,VE,1595203173,88,5.66,-67.62,78.8,3.18
89,prior lake,1,US,1595203173,42,44.71,-93.42,80.6,14.99
90,ribeira grande,72,PT,1595203173,76,38.52,-28.7,69.19,3.53
91,severo-kurilsk,100,RU,1595203173,87,50.68,156.12,51.93,12.35
92,wielun,100,PL,1595203173,100,51.22,18.57,66.0,2.93
93,kahului,20,US,1595203169,62,20.89,-156.47,86.0,31.09
94,faanui,67,PF,1595203173,83,-16.48,-151.75,77.2,20.36
95,hasaki,75,JP,1595203116,94,35.73,140.83,79.0,6.93
96,katobu,4,ID,1595203109,75,-4.94,122.53,78.53,7.7
97,saint-philippe,40,RE,1595203117,72,-21.36,55.77,64.4,9.17
98,tukrah,0,LY,1595203173,78,32.53,20.58,74.84,11.72
99,mobile,40,US,1595203173,62,30.78,-88.2,87.8,5.46
100,bethel,1,US,1595203086,62,41.37,-73.41,84.2,10.29
101,vaini,90,TO,1595203071,100,-21.2,-175.2,68.0,9.17
102,east london,0,ZA,1595203072,52,-33.02,27.91,59.54,6.15
103,codrington,65,AU,1595203174,74,-38.27,141.97,52.34,15.48
104,umm kaddadah,89,SD,1595203174,62,13.6,26.69,80.55,13.06
105,kavieng,25,PG,1595203174,72,-2.57,150.8,84.16,11.1
106,la ronge,75,CA,1595203174,72,55.1,-105.28,66.2,6.93
107,sao felix do xingu,9,BR,1595203174,53,-6.64,-51.99,75.36,2.93
108,pevek,0,RU,1595203174,58,69.7,170.31,47.25,5.28
109,shelopugino,96,RU,1595203174,89,51.65,117.56,54.16,10.83
110,bengkulu,40,ID,1595203080,90,-3.8,102.27,75.76,4.85
111,mogadishu,98,SO,1595203111,77,2.04,45.34,77.14,20.98
112,florianopolis,0,BR,1595203174,82,-27.61,-48.5,68.0,10.29
113,belozerskoye,89,RU,1595203174,89,55.82,65.58,66.9,6.87
114,moron,83,AR,1595203092,82,-34.65,-58.62,66.2,4.7
115,aklavik,75,CA,1595203175,76,68.22,-135.01,48.2,5.82
116,middelburg,0,ZA,1595203175,51,-25.78,29.46,43.12,4.38
117,carnarvon,0,AU,1595203175,87,-24.87,113.63,48.2,9.17
118,richards bay,0,ZA,1595203175,84,-28.78,32.04,57.63,5.06
119,thompson,75,CA,1595203175,44,55.74,-97.86,75.2,4.7
120,duiwelskloof,0,ZA,1595203175,52,-23.69,30.14,48.56,2.8
121,chokurdakh,73,RU,1595203106,43,70.63,147.92,73.89,18.01
122,opuwo,0,NA,1595203175,43,-18.06,13.84,52.61,9.51
123,flin flon,20,CA,1595203175,38,54.77,-101.86,73.4,4.7
124,chuy,96,UY,1595203106,84,-33.7,-53.46,66.38,7.34
125,cabo san lucas,20,MX,1595203175,38,22.89,-109.91,97.0,21.92
126,makakilo city,75,US,1595203175,52,21.35,-158.09,89.6,10.29
127,ghanzi,0,BW,1595203175,52,-21.57,21.78,46.38,5.39
128,sandwick,10,GB,1595203175,93,60.0,-1.25,50.0,4.7
129,esperance,90,AU,1595203176,76,-33.87,121.9,50.0,3.36
130,acapulco,75,MX,1595203083,74,16.86,-99.89,87.8,5.82
131,waddan,0,LY,1595203176,56,29.16,16.14,76.73,11.56
132,katherine,0,AU,1595203176,49,-14.47,132.27,69.8,9.17
133,mezhova,1,UA,1595203176,76,48.25,36.73,62.24,7.11
134,huilong,100,CN,1595203176,87,31.81,121.66,81.0,3.31
135,barabai,71,ID,1595203176,88,-2.58,115.38,76.64,1.19
136,bambous virieux,40,MU,1595203108,88,-20.34,57.76,66.99,5.82
137,vao,20,NC,1595203176,68,-22.67,167.48,69.37,14.18
138,nikki,85,BJ,1595203176,95,9.94,3.21,71.01,6.06
139,puerto ayora,92,EC,1595202913,90,-0.74,-90.35,70.0,5.99
140,egvekinot,0,RU,1595203176,54,66.32,-179.17,49.89,5.35
141,kalanchak,0,UA,1595203176,62,46.26,33.29,66.33,7.0
142,rio gallegos,20,AR,1595203176,92,-51.62,-69.22,30.2,4.7
143,cherskiy,0,RU,1595203176,40,68.75,161.3,72.34,4.81
144,morro bay,16,US,1595203128,81,35.37,-120.85,81.0,5.01
145,coquimbo,99,CL,1595203177,93,-29.95,-71.34,53.6,4.7
146,kruisfontein,0,ZA,1595203084,39,-34.0,24.73,53.24,6.08
147,san cristobal,20,VE,1595203177,43,7.77,-72.22,91.4,11.41
148,mount gambier,75,AU,1595203177,93,-37.83,140.77,48.2,8.05
149,belaya gora,54,RU,1595203177,37,68.53,146.42,76.75,16.44
150,arraial do cabo,0,BR,1595203065,85,-22.97,-42.03,70.95,22.59
151,husavik,40,IS,1595203088,81,66.04,-17.34,46.4,8.05
152,saskylakh,31,RU,1595203177,62,71.92,114.08,59.5,10.65
153,pajan,98,EC,1595203177,77,-1.57,-80.42,71.83,6.53
154,khatanga,98,RU,1595203069,77,71.97,102.5,51.78,2.68
155,kupang,20,ID,1595203177,73,-10.17,123.58,77.0,13.87
156,alofi,96,NU,1595203177,74,-19.06,-169.92,80.6,10.29
157,pedasi,100,PA,1595203178,80,7.53,-80.03,81.14,2.73
158,san jeronimo,59,PE,1595203178,50,-11.95,-75.28,50.76,5.21
159,rocha,96,UY,1595203178,92,-34.48,-54.33,64.65,3.89
160,kaeo,75,NZ,1595203178,3,-35.1,173.78,61.0,3.0
161,ilulissat,85,GL,1595203178,46,69.22,-51.1,53.6,2.24
162,ketchikan,90,US,1595203178,77,55.34,-131.65,60.8,11.41
163,jieshi,100,CN,1595203178,80,22.81,115.83,83.84,8.05
164,henties bay,0,NA,1595203178,23,-22.12,14.28,72.0,11.34
165,port keats,0,AU,1595203178,45,-14.25,129.55,71.67,8.48
166,faya,75,SA,1595203178,31,18.39,42.45,73.4,28.86
167,nemuro,40,JP,1595203178,83,43.32,145.57,69.8,5.82
168,mar del plata,75,AR,1595202986,93,-38.0,-57.56,52.0,12.75
169,mairi,59,BR,1595203178,88,-11.71,-40.15,65.01,8.21
170,nikolskoye,16,RU,1595203112,82,59.7,30.79,61.0,4.47
171,bandrele,75,YT,1595203178,65,-12.91,45.19,77.0,21.92
172,babra,92,IN,1595203178,84,21.85,71.3,80.19,10.8
173,fortuna,20,US,1595203108,77,40.6,-124.16,62.6,13.87
174,lebu,4,CL,1595203110,89,-37.62,-73.65,51.35,12.75
175,araouane,29,ML,1595203179,27,18.9,-3.53,96.35,0.78
176,kindu,30,CD,1595203179,59,-2.95,25.95,68.36,0.81
177,pacific grove,1,US,1595203030,64,36.62,-121.92,71.01,12.75
178,neyyattinkara,40,IN,1595203179,94,8.4,77.08,78.8,5.17
179,sur,53,OM,1595203179,73,22.57,59.53,85.82,12.39
180,boshnyakovo,94,RU,1595203179,87,49.63,142.17,65.66,3.33
181,colesberg,0,ZA,1595203179,66,-30.72,25.1,40.03,2.13
182,kodiak,90,US,1595203179,82,57.79,-152.41,59.0,11.41
183,port lincoln,49,AU,1595203179,62,-34.73,135.87,54.91,6.31
184,san nicolas,20,PH,1595203179,88,18.17,120.6,80.6,2.24
185,bathsheba,40,BB,1595203078,69,13.22,-59.52,82.4,14.99
186,kaitangata,98,NZ,1595203119,76,-46.28,169.85,42.01,1.99
187,santa cruz de la palma,0,ES,1595203179,83,28.68,-17.76,75.99,16.11
188,mapimi,75,MX,1595203179,29,25.82,-103.85,91.4,13.87
189,torbay,20,CA,1595203125,60,47.67,-52.73,68.0,13.87
190,fairbanks,40,US,1595203079,52,64.84,-147.72,73.0,4.7
191,tecoanapa,33,MX,1595203179,71,16.52,-98.75,85.46,9.35
192,sambava,40,MG,1595203180,79,-14.27,50.17,68.88,17.54
193,batangafo,98,CF,1595203180,96,7.3,18.28,69.08,1.97
194,harper,91,LR,1595203180,89,4.38,-7.72,75.85,9.42
195,luchow,75,DE,1595203180,93,52.97,11.15,62.01,1.12
196,geraldton,0,AU,1595203108,87,-28.77,114.6,46.4,8.05
197,russell,1,US,1595203180,63,32.35,-85.2,96.8,3.36
198,breyten,0,ZA,1595203180,64,-26.3,29.99,37.18,2.17
199,kalianget,5,ID,1595203180,74,-7.05,113.93,81.36,11.97
200,alberdi,75,AR,1595203180,87,-32.89,-60.69,59.0,6.93
201,nishihara,40,JP,1595203180,79,26.18,127.76,87.8,9.17
202,savannah,1,US,1595203180,55,32.08,-81.1,91.4,9.17
203,avera,1,US,1595203072,41,33.19,-82.53,95.0,5.82
204,gigmoto,87,PH,1595203180,80,13.78,124.39,82.49,5.88
205,jalu,30,LY,1595203180,41,29.03,21.55,79.74,12.24
206,humaita,68,BR,1595203180,67,-7.51,-63.02,79.68,0.51
207,hun,0,LY,1595203181,57,29.13,15.95,76.89,5.46
208,coahuayana,90,MX,1595203181,83,18.73,-103.68,71.6,23.04
209,yaan,81,NG,1595203181,99,7.38,8.57,71.28,5.17
210,nago,20,JP,1595203181,83,26.59,127.98,84.2,8.05
211,uray,35,RU,1595203181,78,60.12,64.78,59.67,11.39
212,sola,75,VU,1595203181,78,-13.88,167.55,82.4,6.93
213,tasiilaq,0,GL,1595203181,81,65.61,-37.64,48.2,5.82
214,kungurtug,0,RU,1595203181,39,50.6,97.52,57.85,0.56
215,puerto carreno,40,CO,1595203181,88,6.19,-67.49,78.8,4.94
216,pandan,96,PH,1595203182,82,14.05,124.17,81.57,6.15
217,gorele,40,TR,1595203182,83,41.03,39.0,78.8,4.7
218,bubaque,100,GW,1595203182,83,11.28,-15.83,80.02,16.98
219,sao joao da barra,0,BR,1595203114,88,-21.64,-41.05,70.5,11.07
220,wahpeton,40,US,1595203182,53,46.27,-96.61,77.0,11.41
221,laguna,1,US,1595203182,31,38.42,-121.42,91.4,13.87
222,mehamn,100,NO,1595203123,84,71.04,27.85,52.16,5.1
223,korla,100,CN,1595203182,89,41.76,86.15,75.99,1.01
224,pangody,12,RU,1595203182,86,65.85,74.49,50.43,14.99
225,alice springs,40,AU,1595202956,57,-23.7,133.88,51.8,3.36
226,maniitsoq,63,GL,1595203182,79,65.42,-52.9,50.68,1.83
227,sioux lookout,75,CA,1595203183,76,50.1,-91.92,57.2,12.75
228,neiafu,75,TO,1595203183,83,-18.65,-173.98,73.4,14.99
229,sumenep,6,ID,1595203183,72,-7.02,113.87,81.54,10.98
230,monte alegre,35,BR,1595203183,66,-2.01,-54.07,80.2,3.27
231,monkey bay,19,MW,1595203183,71,-14.07,34.92,66.92,16.53
232,sorong,79,ID,1595203183,84,-0.88,131.25,79.81,6.51
233,sibolga,32,ID,1595203183,80,1.74,98.78,76.55,4.05
234,cockburn town,31,TC,1595203127,74,21.46,-71.14,83.53,21.61
235,zemio,100,CF,1595203141,96,5.03,25.14,67.62,2.21
236,kerrville,1,US,1595203183,30,30.05,-99.14,95.0,6.93
237,krasnoye,96,UA,1595203184,87,49.91,24.61,59.0,2.24
238,fort-shevchenko,0,KZ,1595203184,42,44.51,50.26,83.57,14.12
239,wasilla,75,US,1595203184,68,61.58,-149.44,68.0,3.15
240,hofn,59,IS,1595203109,62,64.25,-15.21,54.34,5.26
241,mahebourg,40,MU,1595203184,88,-20.41,57.7,66.2,5.82
242,itarema,39,BR,1595203184,80,-2.92,-39.92,76.51,11.45
243,soria,34,ES,1595203184,65,41.67,-2.67,66.0,4.0
244,saint-pierre,40,RE,1595203116,72,-21.34,55.48,62.6,9.17
245,san patricio,40,MX,1595203184,74,19.22,-104.7,87.8,11.41
246,chute-aux-outardes,90,CA,1595203184,93,49.12,-68.4,66.2,3.36
247,iranshahr,15,IR,1595203184,51,27.2,60.68,89.08,0.69
248,hami,79,CN,1595203184,17,42.8,93.45,87.3,8.1
249,douglas,1,US,1595203185,48,41.3,-96.17,89.6,3.36
250,kathu,40,TH,1595203185,100,7.92,98.33,82.99,3.36
251,kuching,20,MY,1595203185,100,1.55,110.33,75.2,2.39
252,magadan,14,RU,1595203185,61,59.57,150.8,61.38,4.99
253,longyearbyen,75,SJ,1595203185,87,78.22,15.64,44.6,12.75
254,san policarpo,77,PH,1595203114,72,12.18,125.51,84.52,3.51
255,luderitz,0,NA,1595203126,27,-26.65,15.16,69.8,11.41
256,kaka,0,TM,1595203185,16,37.35,59.61,86.04,8.01
257,gazli,0,UZ,1595203182,18,40.13,63.45,83.1,7.36
258,chingirlau,0,KZ,1595203185,76,51.09,54.08,65.52,6.4
259,pangai,75,TO,1595203185,88,-19.8,-174.35,71.6,16.11
260,neuquen,78,AR,1595203185,87,-38.95,-68.06,50.0,9.17
261,semey,58,KZ,1595203185,48,50.41,80.23,66.2,6.71
262,praia da vitoria,75,PT,1595203185,73,38.73,-27.07,69.8,5.99
263,weihe,58,CN,1595203185,78,33.0,105.32,67.44,2.68
264,lamut,1,PH,1595203186,70,16.65,121.22,80.56,1.3
265,bud,5,US,1595203186,88,39.45,-86.18,75.2,4.7
266,boa vista,40,BR,1595202909,83,2.82,-60.67,78.8,2.24
267,elliot,0,ZA,1595203186,39,-31.33,27.85,45.48,6.71
268,yar-sale,0,RU,1595203186,77,66.83,70.83,50.92,8.81
269,ulenje,26,TZ,1595203186,93,-8.93,33.68,48.81,6.11
270,ruthin,8,GB,1595203186,95,53.11,-3.32,48.99,3.15
271,kedrovyy,25,RU,1595203186,93,56.17,91.82,51.8,2.13
272,seddon,20,AU,1595203186,71,-37.81,144.89,53.01,11.41
273,port shepstone,9,ZA,1595203186,80,-30.74,30.45,58.68,7.02
274,la grande,1,US,1595203186,22,45.32,-118.09,88.0,3.36
275,luanda,75,AO,1595203094,88,-8.84,13.23,71.6,8.05
276,talnakh,87,RU,1595203186,76,69.49,88.4,50.0,15.66
277,guerrero negro,4,MX,1595203186,68,27.98,-114.06,75.49,18.32
278,karpathos,0,GR,1595203187,75,35.51,27.21,74.08,13.0
279,achutupo,70,PA,1595203187,84,9.2,-77.98,80.98,6.17
280,asau,100,RO,1595203187,98,46.43,26.4,60.01,2.71
281,hirara,20,JP,1595203113,79,24.8,125.28,86.0,10.29
282,garowe,92,SO,1595203187,65,8.41,48.48,74.82,20.42
283,markova,100,UA,1595203187,88,48.68,24.41,56.12,2.71
284,coolum beach,0,AU,1595203187,47,-26.53,153.1,71.01,1.01
285,atar,77,MR,1595203187,30,20.52,-13.05,94.71,15.79
286,popondetta,10,PG,1595203187,60,-8.75,148.25,85.41,2.04
287,bilibino,0,RU,1595203187,33,68.05,166.44,69.4,1.61
288,constitucion,66,CL,1595203070,87,-35.33,-72.42,52.83,7.9
289,los llanos de aridane,0,ES,1595203187,83,28.66,-17.92,75.99,16.11
290,caravelas,94,BR,1595203187,85,-17.71,-39.25,71.64,7.63
291,cairns,33,AU,1595203016,64,-16.92,145.77,71.6,8.05
292,poya,13,NC,1595203187,55,-21.35,165.15,73.15,7.67
293,zaysan,98,KZ,1595203187,45,47.47,84.87,74.16,5.37
294,yermakovskoye,2,RU,1595203188,79,53.28,92.4,58.51,0.98
295,tuktoyaktuk,40,CA,1595203160,75,69.45,-133.04,46.4,4.7
296,hilton head island,1,US,1595203188,66,32.22,-80.75,88.0,4.7
297,san alberto,84,CO,1595203188,70,7.76,-73.39,80.65,4.03
298,sorland,73,NO,1595203188,85,67.67,12.69,55.08,13.27
299,mazamari,44,PE,1595202892,60,-11.33,-74.53,73.98,1.01
300,gat,0,IL,1595203188,68,31.61,34.76,78.01,0.81
301,alekseyevsk,57,RU,1595203188,60,57.84,108.35,57.36,2.57
302,norrtalje,100,SE,1595203091,45,59.76,18.7,66.99,3.0
303,boke,100,GN,1595203188,95,10.94,-14.3,74.19,2.82
304,kosai,100,JP,1595203188,82,34.71,137.53,88.0,3.0
305,vallenar,100,CL,1595203188,67,-28.57,-70.76,59.2,0.96
306,berbera,15,SO,1595203188,46,10.44,45.01,87.08,23.06
307,sao filipe,82,CV,1595203083,83,14.9,-24.5,77.09,7.9
308,yacopi,43,CO,1595203188,93,5.46,-74.34,66.6,1.99
309,uchiza,23,PE,1595203188,71,-8.46,-76.46,73.9,2.71
310,pulaski,40,US,1595203188,52,34.77,-92.3,91.4,10.29
311,punto fijo,31,VE,1595203188,79,11.7,-70.2,81.79,26.24
312,maragogi,58,BR,1595203189,86,-9.01,-35.22,74.68,13.02
313,itoman,20,JP,1595203189,74,26.12,127.67,87.8,8.05
314,abalak,56,RU,1595203189,93,58.13,68.59,62.6,6.49
315,leshukonskoye,0,RU,1595203189,76,64.9,45.76,52.47,2.95
316,santarem,16,BR,1595203189,78,-2.44,-54.71,82.4,5.82
317,karanja,100,IN,1595203189,85,20.48,77.48,78.53,12.06
318,strezhevoy,75,RU,1595203189,82,60.73,77.59,60.8,8.95
319,little current,75,CA,1595203189,69,45.98,-81.92,77.0,16.11
320,mamu kanjan,2,PK,1595203189,41,30.83,72.8,96.49,10.51
321,comodoro rivadavia,90,AR,1595202983,87,-45.87,-67.5,42.8,9.17
322,komsomolskiy,16,UZ,1595203189,36,40.43,71.72,75.2,9.17
323,huesca,20,ES,1595203189,73,42.14,-0.41,75.0,6.93
324,fuerte olimpo,0,PY,1595203189,41,-21.04,-57.87,78.21,6.8
325,cocobeach,40,GA,1595203103,78,1.0,9.58,78.8,10.29
326,paamiut,94,GL,1595203189,79,61.99,-49.67,47.46,2.75
327,santa fe,70,AR,1595203189,78,-31.63,-60.7,64.99,5.01
328,bintulu,40,MY,1595203189,94,3.17,113.03,77.0,3.36
329,victoria,100,HK,1595203025,83,22.29,114.16,84.0,5.01
330,la romana,40,DO,1595203190,70,18.43,-68.97,84.2,10.29
331,celestun,31,MX,1595203190,73,20.87,-90.4,84.09,12.15
332,lavrentiya,72,RU,1595203190,76,65.58,-171.0,46.74,7.0
333,ekibastuz,5,KZ,1595202901,62,51.67,75.37,71.24,3.89
334,aloleng,40,PH,1595203190,73,16.13,119.78,84.15,6.85
335,teacapan,12,MX,1595203190,64,22.55,-105.75,86.92,10.76
336,daru,98,PG,1595203129,88,-9.08,143.21,76.77,17.76
337,benjamin aceval,44,PY,1595203190,42,-24.97,-57.57,82.4,8.05
338,kasempa,0,ZM,1595203190,85,-13.46,25.83,48.24,7.16
339,yerbogachen,63,RU,1595203190,72,61.28,108.01,57.18,2.1
340,mezen,0,RU,1595203190,71,65.85,44.24,53.58,4.45
341,lata,0,PT,1595203190,82,40.16,-8.33,66.0,2.44
342,lima,90,PE,1595203107,77,-12.04,-77.03,60.8,9.17
343,oxford,0,GB,1595203190,76,51.75,-1.26,53.6,5.82
344,oussouye,40,SN,1595203191,94,12.48,-16.55,78.8,2.24
345,coihaique,90,CL,1595203191,100,-45.58,-72.07,33.8,4.7
346,nong chik,55,TH,1595203191,89,6.84,101.18,78.06,4.99
347,puerto colombia,40,CO,1595203191,79,10.99,-74.95,84.2,10.29
348,sines,25,PT,1595203191,89,37.96,-8.87,63.0,1.99
349,bushehr,11,IR,1595203191,75,28.97,50.84,90.63,2.73
350,takoradi,6,GH,1595203191,92,4.88,-1.76,74.8,7.11
351,meadow lake,40,US,1595203191,12,34.8,-106.54,97.0,8.05
352,tabou,83,CI,1595203191,91,4.42,-7.35,75.36,8.32
353,wilson,1,US,1595203133,41,36.15,-86.28,93.2,12.75
354,manggar,92,ID,1595203191,81,-2.88,108.27,81.54,10.65
355,pisco,20,PE,1595203111,77,-13.7,-76.22,62.6,14.99
356,iqaluit,90,CA,1595203191,100,63.75,-68.51,41.0,8.05
357,mount isa,52,AU,1595203192,14,-20.73,139.5,68.0,6.93
358,henderson,1,US,1595203192,8,36.04,-114.98,107.6,6.93
359,hyeres,0,FR,1595203169,82,43.12,6.12,73.99,6.42
360,freeport,1,US,1595203082,74,40.66,-73.58,82.99,12.75
361,vila,0,PT,1595203192,86,42.03,-8.16,66.99,3.42
362,miram shah,0,PK,1595203192,42,33.01,70.07,87.42,1.63
363,dingle,54,PH,1595203192,79,11.0,122.67,81.93,3.91
364,kulhudhuffushi,100,MV,1595203192,81,6.62,73.07,81.57,25.46
365,labuhan,12,ID,1595203192,83,-6.88,112.21,76.78,8.97
366,ishimbay,0,RU,1595203192,95,53.45,56.04,60.37,2.89
367,yenagoa,100,NG,1595203192,96,4.92,6.26,73.69,1.28
368,akureyri,40,IS,1595203192,81,65.68,-18.09,46.4,8.05
369,araguari,0,BR,1595203192,64,-18.65,-48.19,60.55,4.74
370,tanete,58,ID,1595203192,80,-3.94,119.78,78.64,11.32
371,golpayegan,25,IR,1595203192,28,33.45,50.29,68.04,5.12
372,mendi,2,PG,1595203192,59,-6.18,143.65,67.37,1.97
373,kolondieba,99,ML,1595203193,89,11.09,-6.89,74.55,4.41
374,awjilah,23,LY,1595203193,44,29.11,21.29,78.84,12.17
375,karratha,1,AU,1595203193,65,-20.74,116.85,63.03,16.2
376,baturite,53,BR,1595203193,85,-4.33,-38.88,71.44,2.86
377,ambilobe,15,MG,1595203193,71,-13.2,49.05,65.39,5.28
378,nome,75,US,1595202947,54,64.5,-165.41,59.0,8.05
379,jos,49,NG,1595203194,99,9.92,8.9,64.56,6.55
380,mitsamiouli,43,KM,1595203194,66,-11.38,43.28,76.93,12.57
381,baykit,21,RU,1595203147,60,61.67,96.37,56.73,2.19
382,srednekolymsk,0,RU,1595203194,37,67.45,153.68,75.52,12.53
383,sakaraha,0,MG,1595203194,65,-22.9,44.53,55.31,3.24
384,pingliang,0,CN,1595203194,47,35.54,106.69,68.32,4.41
385,yulara,90,AU,1595203194,71,-25.24,130.99,53.6,8.05
386,the valley,40,AI,1595202948,74,18.22,-63.06,84.2,11.41
387,meulaboh,95,ID,1595203148,84,4.14,96.13,78.35,4.36
388,naze,75,JP,1595203126,79,28.37,129.48,86.0,12.75
389,moindou,40,NC,1595203195,68,-21.69,165.68,71.6,4.7
390,miragoane,59,HT,1595203195,72,18.44,-73.09,82.24,1.92
391,nuevo progreso,0,MX,1595203195,58,23.17,-97.95,86.0,4.0
392,aykhal,90,RU,1595203115,100,66.0,111.5,53.6,6.71
393,akdepe,0,TM,1595203195,42,42.06,59.38,80.6,4.7
394,hualmay,40,PE,1595203195,85,-11.1,-77.61,60.08,9.57
395,addis abeba,30,ET,1595203195,88,9.03,38.75,51.28,4.18
396,san quintin,0,MX,1595203113,53,30.48,-115.95,77.47,19.28
397,anadyr,20,RU,1595202963,62,64.75,177.48,53.6,8.95
398,north bend,1,US,1595203110,77,43.41,-124.22,78.01,24.16
399,santa isabel do rio negro,21,BR,1595203195,89,-0.41,-65.02,75.74,2.71
400,necochea,77,AR,1595203195,95,-38.55,-58.74,52.0,4.0
401,haines junction,100,CA,1595203195,45,60.75,-137.51,65.59,11.74
402,veinticinco de mayo,80,AR,1595203195,100,-35.43,-60.17,55.99,1.01
403,terrace bay,81,CA,1595203195,89,48.78,-87.1,56.23,12.8
404,vila franca do campo,75,PT,1595203195,68,37.72,-25.43,69.8,5.82
405,tezu,100,IN,1595203195,87,27.92,96.17,74.61,1.52
406,kununurra,0,AU,1595203196,24,-15.77,128.73,68.0,1.12
407,aswan,24,EG,1595203196,17,24.09,32.91,87.35,9.51
408,abha,75,SA,1595203171,31,18.22,42.51,73.4,28.86
409,hay river,75,CA,1595203196,60,60.82,-115.8,69.8,12.75
410,bulgan,34,MN,1595203196,81,48.81,103.53,52.56,2.48
411,laytown,0,IE,1595203196,81,53.68,-6.24,52.0,8.05
412,poltava,16,UA,1595203196,80,49.59,34.54,60.44,6.11
413,santiago de cuba,75,CU,1595203196,78,20.02,-75.82,80.6,3.36
414,rawson,100,AR,1595203196,81,-43.3,-65.1,45.84,11.27
415,sihora,55,IN,1595203196,83,23.48,80.12,79.84,7.14
416,ballina,0,AU,1595203048,59,-28.87,153.57,64.99,8.05
417,humberto de campos,42,BR,1595203196,79,-2.6,-43.46,76.12,6.24
418,kazanskaya,15,RU,1595203196,59,45.41,40.44,70.93,6.87
419,salalah,75,OM,1595203106,94,17.02,54.09,78.8,2.24
420,bollnas,84,SE,1595203197,89,61.35,16.39,59.18,3.89
421,isangel,40,VU,1595203197,73,-19.55,169.27,75.2,5.82
422,iwaki,88,JP,1595203197,87,37.05,140.88,75.99,1.99
423,salair,10,RU,1595203197,74,54.23,85.8,60.24,2.35
424,viedma,83,AR,1595203197,94,-40.81,-63.0,48.99,3.0
425,dunedin,72,NZ,1595203197,72,-45.87,170.5,48.0,1.99
426,vinh,100,VN,1595203197,72,18.67,105.67,83.3,3.02
427,tomatlan,1,MX,1595203197,66,19.93,-105.25,87.37,8.9
428,poum,39,NC,1595203197,65,-20.23,164.02,71.92,12.93
429,palmer,75,US,1595203093,43,42.16,-72.33,89.6,9.17
430,westport,1,US,1595203182,69,41.14,-73.36,82.99,12.75
431,phan thiet,100,VN,1595203076,83,10.93,108.1,79.9,3.62
432,smithers,1,CA,1595203101,46,54.78,-127.17,73.4,4.7
433,half moon bay,90,US,1595203197,82,37.46,-122.43,77.0,5.82
434,kokopo,0,PG,1595203198,66,-4.35,152.26,84.15,10.67
435,honiara,40,SB,1595203198,58,-9.43,159.95,87.8,4.7
436,merauke,100,ID,1595202905,85,-8.47,140.33,77.14,15.46
437,namatanai,1,PG,1595203198,60,-3.67,152.43,85.23,6.22
438,skegness,45,GB,1595203198,82,53.14,0.34,55.4,6.93
439,galle,95,LK,1595203198,86,6.04,80.22,78.98,9.13
440,calderitas,75,MX,1595203198,79,18.55,-88.25,84.2,11.41
441,la peca,23,PE,1595203198,78,-5.61,-78.44,69.22,3.31
442,duluth,40,US,1595202980,50,46.78,-92.11,75.2,20.8
443,hamilton,1,US,1595203198,88,39.18,-84.53,77.0,10.78
444,martinopolis,0,BR,1595203198,55,-22.15,-51.17,66.65,9.06
445,mackay,90,AU,1595203095,87,-21.15,149.2,70.0,5.82
446,kamenka,0,RU,1595203198,87,51.32,42.77,59.0,3.74
447,mizdah,0,LY,1595203198,70,31.45,12.98,69.13,6.04
448,vanimo,26,PG,1595203131,68,-2.67,141.3,83.46,6.64
449,sarh,99,TD,1595203199,96,9.14,18.39,70.72,2.66
450,sangar,94,RU,1595203199,58,63.92,127.47,73.56,12.24
451,souillac,40,MU,1595203083,88,-20.52,57.52,66.2,5.82
452,natal,20,BR,1595203199,94,-5.79,-35.21,75.2,3.36
453,mercedes,63,AR,1595203199,93,-34.65,-59.43,63.0,2.3
454,saint anthony,40,US,1595203012,39,45.02,-93.22,81.0,11.41
455,okhotsk,74,RU,1595203199,81,59.38,143.3,60.8,7.18
456,adrar,29,MR,1595203199,22,20.5,-10.07,94.64,5.73
457,scottsbluff,1,US,1595203199,48,41.87,-103.67,82.4,24.16
458,ust-kuyga,100,RU,1595203107,70,70.02,135.6,64.63,2.06
459,rancho palos verdes,40,US,1595203199,73,33.74,-118.39,73.99,20.8
460,tiksi,14,RU,1595203199,54,71.69,128.87,63.1,10.04
461,samarai,100,PG,1595203199,86,-10.62,150.67,76.19,14.85
462,todos santos,6,MX,1595203199,77,23.45,-110.22,81.0,5.01
463,noumea,40,NC,1595203199,68,-22.28,166.46,71.6,4.7
464,ler,95,SS,1595203200,97,8.3,30.14,69.01,4.34
465,chumikan,100,RU,1595203200,95,54.72,135.31,54.12,12.06
466,lodwar,80,KE,1595203200,41,3.12,35.6,81.79,5.91
467,raga,100,SS,1595203200,95,8.46,25.68,67.21,4.27
468,presidencia roque saenz pena,74,AR,1595203200,50,-26.79,-60.44,76.42,7.7
469,ubon ratchathani,75,TH,1595203202,88,15.22,104.85,80.6,5.82
470,boende,66,CD,1595203203,82,-0.22,20.87,70.83,0.76
471,praia,75,CV,1595203204,78,14.92,-23.51,78.8,10.29
472,jacareacanga,7,BR,1595203195,55,-6.22,-57.75,78.01,2.3
473,broken hill,17,AU,1595203206,81,-31.95,141.43,42.8,1.12
474,vikhorevka,4,RU,1595203207,81,56.12,101.16,53.6,2.24
475,chillan,76,CL,1595203209,88,-36.61,-72.1,55.0,3.0
476,port hardy,20,CA,1595203166,63,50.7,-127.42,66.2,21.92
477,ambon,51,ID,1595203142,82,-3.7,128.18,79.72,12.55
478,iralaya,20,HN,1595203210,70,15.0,-83.23,87.8,9.17
479,port moresby,40,PG,1595202919,88,-9.44,147.18,77.0,9.17
480,ino,75,JP,1595203210,78,33.55,133.43,80.6,4.7
481,rio grande,94,BR,1595203109,81,-32.03,-52.1,69.01,9.15
482,bridlington,62,GB,1595203212,76,54.08,-0.19,53.01,4.7
483,gallup,1,US,1595202927,13,35.53,-108.74,91.4,14.99
484,amargosa,4,BR,1595202942,93,-13.03,-39.6,62.31,5.23
485,dwarka,52,IN,1595203212,80,22.24,68.97,84.22,18.92
486,porto novo,40,BJ,1595203111,94,6.5,2.6,77.0,8.05
487,rolante,8,BR,1595203213,74,-29.65,-50.58,71.01,4.21
488,santa maria,64,BR,1595203213,70,-29.68,-53.81,71.22,9.98
489,bonfim,90,BR,1595203213,84,3.08,-59.95,77.67,5.7
490,mayumba,27,GA,1595203215,92,-3.43,10.66,70.12,4.63
491,manavalakurichi,40,IN,1595203215,94,8.13,77.3,78.8,10.45
492,bonthe,100,SL,1595203215,88,7.53,-12.51,76.19,8.95
493,tura,100,IN,1595203216,99,25.52,90.22,73.81,7.56
494,portsoy,75,GB,1595203216,81,57.68,-2.69,54.0,8.05
495,manokwari,73,ID,1595203216,66,-0.87,134.08,83.8,6.91
496,manta,20,EC,1595203216,83,-0.95,-80.73,73.4,14.99
497,verkhnevilyuysk,99,RU,1595203216,94,63.45,120.32,60.76,9.73
498,birao,100,CF,1595203217,93,10.28,22.79,70.39,3.78
499,warwick,75,US,1595203064,62,41.7,-71.42,84.2,13.87
500,orlik,6,RU,1595203091,58,52.52,99.83,51.82,0.2
501,nueva guinea,99,NI,1595203218,87,11.69,-84.46,76.64,7.81
502,brae,5,GB,1595203162,93,60.4,-1.35,50.0,4.7
503,itaituba,30,BR,1595203218,58,-4.28,-55.98,77.56,1.63
504,farafangana,96,MG,1595203218,65,-22.82,47.83,66.83,4.29
505,cabedelo,75,BR,1595203218,94,-6.98,-34.83,75.2,9.17
506,walvis bay,0,NA,1595203109,18,-22.96,14.51,72.0,12.75
507,dolores hidalgo,59,MX,1595203219,58,21.16,-100.93,75.0,8.7
508,qiongshan,100,CN,1595203219,88,20.01,110.35,80.6,8.95
509,clyde river,20,CA,1595203219,81,70.47,-68.59,44.6,8.05
510,ancud,20,CL,1595203219,100,-41.87,-73.82,48.99,5.82
511,klaksvik,98,FO,1595203117,87,62.23,-6.59,50.0,9.17
512,aksu,99,CN,1595203219,46,41.12,80.26,72.7,0.87
513,batagay-alyta,94,RU,1595203220,68,67.8,130.41,64.9,3.51
514,arkhangelsk,0,RU,1595203220,100,64.54,40.54,50.0,4.47
515,totness,2,SR,1595203221,79,5.88,-56.32,80.56,12.19
516,macheng,15,CN,1595203221,86,31.18,115.03,77.0,0.43
517,santa maria chiquimula,7,GT,1595203221,75,15.03,-91.33,61.0,5.06
518,dicabisagan,7,PH,1595203222,73,17.08,122.42,83.98,1.21
519,erenhot,12,CN,1595203222,33,43.65,111.98,73.13,10.8
520,shemonaikha,95,KZ,1595203222,86,50.63,81.91,63.27,2.13
521,chulman,100,RU,1595203222,84,56.85,124.91,64.2,7.49
522,buala,54,SB,1595203074,71,-8.14,159.59,83.86,5.26
523,seoul,90,KR,1595202967,94,37.57,126.98,77.0,6.93
524,trairi,35,BR,1595203172,79,-3.28,-39.27,77.18,10.0
525,ibra,79,OM,1595203074,76,22.69,58.53,82.04,5.77
526,sharjah,40,AE,1595203223,41,25.36,55.4,98.6,12.75
527,salamanca,0,ES,1595203223,55,40.83,-6.0,73.0,3.36
528,taoudenni,39,ML,1595202952,15,22.68,-3.98,101.7,8.59
529,champerico,90,GT,1595203120,94,14.3,-91.92,77.0,6.93
530,kalmanka,62,RU,1595203223,59,52.9,83.54,64.4,4.47
531,belmonte,75,BR,1595203223,94,-15.86,-38.88,69.8,3.36
532,ellisras,0,ZA,1595203223,49,-23.66,27.74,47.91,4.21
533,saldanha,0,ZA,1595203223,87,-33.01,17.94,48.2,4.7
534,pierre,75,US,1595203161,41,44.37,-100.35,79.0,10.29
535,iguape,3,BR,1595203148,93,-24.71,-47.56,64.99,4.54
536,narimanov,40,RU,1595203224,73,46.69,47.85,73.4,3.02
537,lagoa,27,PT,1595203224,79,39.05,-27.98,68.99,5.23
538,isugod,97,PH,1595203224,71,9.34,118.12,83.41,4.61
539,berezovka,96,BY,1595203224,87,53.72,25.5,59.16,3.87
540,livingston,14,GB,1595203225,81,55.9,-3.52,52.0,8.05
541,tahta,3,EG,1595203225,27,26.77,31.5,87.8,10.29
542,auki,10,SB,1595203225,66,-8.77,160.7,85.35,3.6
543,saint-georges,20,GD,1595203225,74,12.06,-61.75,84.2,14.99
544,saint-augustin,50,CA,1595203225,69,51.23,-58.65,67.06,9.08
545,callaway,1,US,1595203225,74,30.15,-85.57,86.0,11.41
546,maneadero,6,MX,1595203226,7,31.72,-116.57,100.0,4.0
547,hobyo,86,SO,1595203105,73,5.35,48.53,76.96,22.39
548,el alto,9,PE,1595203226,90,-4.27,-81.21,60.55,20.04
549,puerto leguizamo,28,CO,1595203226,96,-0.19,-74.78,73.04,1.99
550,pochutla,40,MX,1595203226,70,15.74,-96.47,87.8,8.05
551,feltre,17,IT,1595203226,90,46.02,11.91,66.99,3.47
552,mananjary,89,MG,1595203227,69,-21.22,48.33,65.44,4.34
553,vila velha,25,BR,1595203227,88,-20.33,-40.29,69.8,3.36
554,north platte,1,US,1595203227,48,41.12,-100.77,86.0,18.34
555,kenai,90,US,1595203227,82,60.55,-151.26,62.6,13.87
556,szentgotthard,3,HU,1595203227,72,46.95,16.27,62.01,4.43
557,imeni poliny osipenko,87,RU,1595203227,74,52.42,136.49,72.19,6.33
558,izhevsk,86,RU,1595203227,92,56.85,53.23,64.0,1.99
559,whitehaven,0,GB,1595203227,90,54.55,-3.58,55.0,12.93
560,monrovia,75,LR,1595203110,94,6.3,-10.8,77.0,11.59
561,agadez,19,NE,1595203228,16,19.75,10.25,89.17,5.5
562,juegang,98,CN,1595203228,96,32.32,121.19,73.47,2.06
563,lyuban,48,BY,1595203228,86,52.8,28.0,57.4,4.52
564,garden city,90,US,1595203228,65,42.33,-83.33,81.0,17.22
565,shieli,4,KZ,1595203228,27,44.17,66.75,80.08,10.87
566,chebsara,98,RU,1595203228,86,59.2,38.84,56.7,4.59
567,arawa,0,PG,1595203160,58,-6.21,155.54,87.19,3.09
568,vieques,40,PR,1595203145,70,18.43,-65.83,84.2,13.87
569,parabel,64,RU,1595203229,94,58.7,81.48,63.27,7.43
570,karasjok,100,NO,1595203229,76,69.47,25.51,57.2,16.11
571,standish,40,US,1595203229,69,43.98,-83.96,80.6,4.7
572,maryborough,0,AU,1595203229,67,-25.53,152.7,70.0,5.01
573,odweyne,22,SO,1595203229,61,9.41,45.06,69.57,17.94
574,port blair,99,IN,1595203229,78,11.67,92.75,80.71,2.59
575,santa cruz,20,BO,1595203229,69,-17.8,-63.17,77.0,11.41
576,dauphin,1,CA,1595202981,49,51.15,-100.05,71.6,3.36
577,la cumbre,92,AR,1595203230,89,-30.98,-64.49,52.0,1.99
578,svetlogorsk,3,BY,1595203230,89,52.63,29.73,56.77,1.92
579,marang,20,MY,1595203231,100,5.21,103.21,77.0,3.36
580,itanagar,100,IN,1595203231,89,27.1,93.62,75.45,5.73
581,kloulklubed,75,PW,1595203231,79,7.04,134.26,84.2,4.7
582,beisfjord,98,NO,1595203232,93,68.38,17.6,48.2,4.7
583,sergeyevka,2,KZ,1595203079,72,53.88,67.42,68.18,4.21
